115
792
483
500
100
755
223
177
679
737
505
55
206
361
485
186
744
515
442
61
374
585
15
183
807
624
628
477
443
590
247
476
332
654
348
1610
1595
123
147
808
66
394
155
496
430
516
212
170
172
18
51
269
472
414
1518
216
379
1513
1546
457
432
173
1483
133
735
30
131
736
351
420
544
1487
532
167
1597
487
466
163
373
1549
1569
509
644
13
613
592
1590
705
537
1490
354
698
703
567
670
112
587
143
152
111
508
563
748
349
45
425
1498
284
450
124
1581
256
257
561
1568
388
410
559
1522
46
1529
634
751
1602
625
160
451
328
548
364
809
630
409
520
378
312
594
336
415
246
696
319
1532
356
545
1494
604
714
777
786
165
382
162
668
34
214
125
431
191
16
818
197
178
62
316
158
797
436
429
743
65
88
384
715
421
1603
376
1520
601
619
294
68
1507
20
611
134
671
130
226
775
23
573
576
1479
6
42
1506
231
102
224
174
820
250
221
398
822
480
463
366
161
153
782
213
179
169
484
741
665
664
471
799
365
780
507
1542
301
407
86
543
745
586
1574
82
207
610
614
320
502
148
460
790
1601
78
746
1538
631
22
525
519
402
17
615
12
71
329
135
276
440
50
683
534
816
733
342
261
401
380
711
73
387
337
656
1514
433
298
798
118
1540
557
1496
424
114
1469
338
470
427
445
549
196
1588
552
308
444
149
659
661
658
139
33
164
796
1556
547
180
423
501
660
531
310
662
1519
137
649
635
359
1564
648
1531
333
72
302
106
1561
339
306
36
535
558
166
1565
1566
98
566
1466
578
1580
204
385
59
539
275
772
1476
479
75
489
514
600
83
673
583
533
117
754
39
368
210
793
577
702
24
1571
140
681
381
190
296
645
1489
652
643
651
678
495
493
220
309
1527
738
1545
464
606
608
538
717
700
467
1586
620
1501
686
685
523
521
579
1470
776
1535
1609
812
446
1589
248
67
762
569
465
753
527
266
551
1533
667
1530
1468
522
1599
488
2
343
555
262
344
618
1582
482
621
363
468
657
367
299
591
462
789
1541
473
510
283
286
1528
511
313
541
674
641
688
1534
1550
242
422
1558
1554
669
260
108
491
234
435
795
141
1543
647
646
403
168
419
245
767
288
282
1480
783
389
375
238
801
784
459
528
377
690
408
189
358
731
571
575
617
228
311
325
550
811
412
346
708
677
761
819
546
706
184
1547
568
87
122
1576
390
1484
720
157
198
201
392
182
324
150
504
503
103
752
43
195
810
787
21
291
1596
233
526
305
497
105
498
1552
666
536
289
77
395
60
81
26
113
244
74
208
693
691
76
129
188
57
58
1478
47
760
609
90
318
763
1482
9
171
315
416
360
1512
138
270
38
1493
287
768
759
788
235
334
438
721
570
1467
126
640
779
770
4
1567
725
393
259
773
428
1505
218
1572
7
638
1511
1539
632
1504
92
1492
769
37
791
747
1560
95
96
211
386
272
413
633
240
803
802
116
274
584
749
136
1502
1536
486
265
813
588
1583
352
560
758
595
616
1481
335
639
267
5
580
91
434
734
1473
456
411
513
97
80
263
327
89
107
781
1500
255
564
622
794
694
682
1485
1486
1521
199
217
202
187
40
104
676
205
353
345
675
383
404
1579
19
119
292
297
418
281
461
572
194
69
303
326
406
290
277
144
1605
1525
1608
1607
506
742
1524
719
362
553
542
203
481
680
41
64
399
391
222
426
1510
766
321
317
448
695
331
8
1570
121
805
597
709
1584
25
14
209
350
692
454
492
1592
562
11
225
227
556
63
1551
452
697
397
93
54
405
273
1497
1612
101
1491
699
602
49
582
800
355
1575
1563
1548
650
653
1562
109
70
1517
687
1544
1557
396
400
10
1474
637
314
494
540
3
474
307
251
252
285
478
469
756
1508
627
185
757
716
1587
607
824
146
145
110
612
369
239
750
330
707
710
701
94
704
1578
181
1591
85
254
490
529
778
530
1598
441
814
689
48
176
447
28
1515
764
732
663
599
192
672
728
804
1611
264
581
629
605
593
623
32
31
1503
512
56
1523
823
821
817
230
237
236
357
1600
99
229
730
1495
712
713
200
554
371
193
29
151
1573
156
684
439
589
1475
127
142
806
596
726
475
774
323
740
574
258
219
279
739
517
524
53
84
278
453
295
603
232
128
455
215
1604
518
1477
1594
1577
437
175
626
341
253
417
370
1537
636
815
271
458
268
293
449
304
120
723
729
1488
243
322
280
1516
1555
249
718
727
44
300
132
79
724
372
347
1559
1606
642
565
154
722
159
52
499
241
35
1
1553
27
1526
785
771
765
1499
340
655
598
1509
